0.11627561223375335
0.06621067830255606
0.11646356976078326
0.15212631421512038
0.07565243817457437
0.12944596138362813
0.07144778874387857
0.06689991645842441
0.08208993681120068
0.0712139157504316
0.018479711514909094
0.10731647121325308
0.029297544150526454
0.04174675114975224
0.04865324627758502
0.15682526287685045
0.05487535612311663
0.04842581736851265
0.09976700882155626
0.0785103134501809
0.11476805208226606
0.06535225620983184
0.11495395595694477
0.1501546933755458
0.07467214273648341
0.12776944115852953
0.07052283611833522
0.06603420850778453
0.08102827125397655
0.07029330022867988
0.018241041909884678
0.10593126457107557
0.028919623529174824
0.04120855470978167
0.048026351473734546
0.15480349924688594
0.05416808945035323
0.047801780870701346
0.09848152744487548
0.07749876762896567
