0.007594941941094495
0.015697995609848553
0.025227036155928095
0.017504027672961373
0.012064758808151152
0.007804298862863477
0.026635718506506686
0.020808943328199273
0.004494546502024141
0.01100200273260193
0.010662740371508387
0.003725503015500352
0.020459444911407734
0.013335715303416963
0.026522159729063705
0.021530251384164766
0.004231439891414497
0.02752538052788722
0.007012997755769106
0.00612064887848879
0.008706665056107874
0.012961601640688195
0.033822607131000416
0.007423886987466781
0.02155144794022035
0.016727093740649006
0.024288836351835198
0.005419194899991444
0.00591217397546507
0.01834776078542997
0.016093004088905027
0.02044887849709908
0.024943420620420834
0.01978768505860916
0.008930828112504155
0.0005053781761384641
0.025782800327365473
0.016655344738687478
0.02434666329062807
0.01513207014636418
0.020850400083569948
0.019430951122950645
0.02947388946361431
0.014916273428048252
0.017839849305431168
0.015023599215235547
0.023628849728979027
0.013041533614901865
0.009240189862482201
0.017540324854929158
0.01493335676998027
0.011449275464074666
0.00395915265188439
0.005126031286176191
0.010938441227316931
0.02055039227406791
0.0048043285513164995
0.02508639409489218
0.02718870007700168
0.02686935748266269
0.019055583928026545
0.009412158995044932
0.018295499139041927
0.014171073907556876
0.027047782044282664
0.029134868825675807
0.02394047901829425
0.03618528100159392
0.011455763825624677
0.009664787709731192
0.005860400300309458
0.0034665511297784757
0.021284301512383683
0.02342646908484565
0.004723585638142602
0.032434373529383685
0.02361013131286032
0.02302299050889489
0.009969548388162842
0.023562391085649653
0.023529466371320775
0.006291593458433396
0.013294285502797556
0.0005668116991872472
0.017574370325460536
0.011206883924455562
0.011424393205767543
0.02053950162647474
0.012404323614252817
0.01121191478232755
0.012046859827788478
0.012266156802997584
0.02141111255173206
0.01688070677932592
0.018502913087972913
0.02315054304134789
0.029076481349178184
0.014851641549038308
0.016518438297708868
0.009831737883990463
0.016470579902920897
0.01280012624243931
0.026950044235484378
0.00017020260636487332
0.0016769738283223968
0.019178339943399916
0.011929700208898537
0.0199962787148059
0.02803280197950536
0.012027247953331448
0.02057299051733655
0.019379808687982756
0.009747828525451816
0.007578093609820139
0.00788669280351798
0.011342106404367306
0.0014182629921107265
0.008939385454574404
0.009242957685600699
0.013488878508090439
0.011631270592156472
0.0269945226075745
0.02010411149255904
0.009840248292345002
0.012205008230129308
0.0021782238378144805
0.0023738223003024954
0.019142641083422462
0.001133642052230673
0.01225802146825223
0.0001558994183402628
0.013188465407985626
0.010013138710153656
0.024572267285313292
0.02097208797771351
0.015571371360560258
0.014096331052222964
0.0030129426706750817
0.016936920547549885
0.021160541735329903
0.008791566667108182
0.018188820167349937
0.0092879563479375
0.012343770331139687
0.015954251871995416
0.022281117967004434
0.0027647593533697643
0.012450612748145906
0.007349368342402607
0.021113286317237124
0.013656717304674477
0.018697220644246882
0.01895924736675478
0.013623386174091933
0.03379001303451142
0.037418772276006096
0.02856975534463889
0.016468111020133278
0.02292736032812716
0.014750066197547594
0.03383846788332137
0.027275207843179456
0.022377388979733914
0.001067447422983086
0.03471232490193095
0.017791350992727616
0.0011543230384955798
0.02209546405793794
0.012363858577283459
0.026793321115340815
0.004703936958207683
0.02371601622857776
0.017760556339009297
0.029444672102711268
0.013686700187196735
0.018131894278475627
0.018940102689380886
0.0005012372332061186
0.022273080036783438
0.026049075655151424
0.002257203745375412
0.019005769036072307
0.014511135993837234
0.0020058486868752144
0.023499295137483903
0.014430506951375023
0.01111902935060353
0.0009836404573812566
0.005075552812983601
0.019696620217251368
0.004899407456455002
0.007879864668745766
0.009888424941957071
0.004857095228785353
0.019988535640038774
0.019083800856776436
0.027989178375942815
0.006567079489411612
0.019810955786055483
0.013318254196576057
0.01639549406042216
0.00965366858767852
0.0069021383065383775
0.026516275159787214
0.02125577680004292
0.01899910728990799
0.03374996573447718
0.00737878475314822
0.01636324629418133
0.009147395872082678
0.025745484678643304
0.01995931566296106
0.014323803581270686
0.019324310524833632
0.011469722982691166
0.028250409835598476
0.019586848736434976
0.020418385504775607
0.009632654622374419
0.027458770617348045
0.023208441617192647
0.025630490635523803
0.03024562839621705
0.013973093659812304
0.01674487021186419
0.015713337857208576
0.0016469349475472738
0.013843533177737089
0.007950931737208393
0.024371418147748184
0.006285480463424558
0.009554465183155267
0.0054409722867215845
0.015736443937217494
0.01593071962600272
0.018769579405585966
0.018122093399522688
0.004178053770981185
0.009789545088550634
0.0023521153722799682
0.01303096285943832
0.007100679633767659
0.009355544388086532
0.0029118911944810443
0.000131902806349877
0.006543689552044846
0.004531902024684942
0.009423259018069988
0.013967426499027026
0.006915544571533812
0.008864711731841963
0.016626789571006478
0.01372109530172738
0.025131827635925676
0.006557137326876393
0.005814529881535348
0.025933039283028824
0.012655949030852574
0.007032162334901908
0.011752803269381612
0.000897365001129558
0.02208919875724833
0.003429593348773458
0.035837640795791985
0.0028033810315507505
0.01611561546303377
0.020009227852268743
0.010158900405559243
0.00011857396828064489
0.003456277219958015
0.01362412300263786
0.004388611760471043
0.038453055783231375
0.013679132072134483
0.011800925687851535
0.002122030766515561
0.02365490580719349
0.009179396491682581
0.008561169509615399
0.0024520248384579577
0.029534257584480594
0.004308626585740796
0.005033066047144007
0.021440540632160263
0.015608870321843597
0.03754278641285598
0.021420268083579875
0.009252925517858513
0.0003588098033638239
0.008819697890889265
0.014576630577181206
0.02894918776780917
0.008295070465405117
0.00039912259685800444
0.011650209100896031
0.008236426775789705
0.015444653321782787
0.032782226142793365
0.003300659147792129
0.007077920257895997
0.0010571942008597225
0.018441275515584866
0.016017456757300947
0.016593054244689986
0.004100750033747106
0.005783093597300213
0.012807631007917288
0.012432433187254613
0.015461688522638187
0.020947363628476583
0.014244906524352285
0.023169033716648708
0.020780591832855543
0.012865064678489479
0.01629347249986967
0.010276452243075605
0.006935245854355316
0.02555241206221467
0.010829220503933288
0.019743505810399117
0.012425515193224828
0.009350711870530755
0.01103883679070328
0.01298873167365136
0.007393884117854794
0.03351274468427847
0.017765301602730318
0.033115095161097875
0.014876216870321353
0.022232499444131196
0.0052936483056300965
0.0012724362514058155
0.0011528138105220815
0.005402737334143894
0.025299550786593194
0.0022857994384947785
0.016879647982931997
0.027170301513366246
0.02434289760319019
0.005440363648586592
0.025066329434739458
0.011697324629677826
0.006300194269317654
0.02020955977543182
0.02391169264722793
0.016155808424005647
0.024585284562364508
0.006411073626967925
0.007990938530850962
0.015448009510328905
0.014099198460016869
0.025290179834285
0.010070944793282625
0.006164105706433364
0.019457048414990803
0.004043260494334285
0.03016177189868667
0.013781825687065253
0.006855363087783014
0.024017048094205996
0.03582271626119854
0.026663283523815702
0.021426591166046952
0.017441818857555084
0.023677583855404718
0.0030068840610415343
0.014040933928362868
0.013334995785404686
0.03325187230642236
0.002002517230955634
0.0066590575612369045
0.017679937073305636
0.011595600787148974
0.03528306317196178
0.018569873522121524
0.021880888711549647
0.029934900439894174
0.005380532921771824
0.014357726671350329
0.028409169484707585
0.01906844605078052
0.023155197786433025
0.03207741285067595
0.006785523381692963
0.011698196826690441
0.020946567802006804
0.027692688668411177
0.024959980907528326
0.007753716249386562
0.008824605550002699
0.017925132228463092
0.0005901821369599143
0.03803483750126643
0.009063498647244836
0.022557636984188903
0.010011851158365009
0.020957395070705025
0.0073452593478502215
0.005060564828287955
0.01673862359278382
0.0075539420420941104
0.015613218728409947
0.025090186912645404
0.01740863429247878
0.011998448469877352
0.00776199981898163
0.026491101815888842
0.02069560788866701
0.004469927115610855
0.010941318916748976
0.01060434660457847
0.003705030038909878
0.020346904487998186
0.013262231197774327
0.02637549632560475
0.021411073697379438
0.00420800841029107
0.027372811408843453
0.006974109468224707
0.006086605133552732
0.008658004227182168
0.012889236066168635
0.03363364883197603
0.007382402431087453
0.0214308990860858
0.01663477218212252
0.024153746766982728
0.005388646293175542
0.005878411005239287
0.018242003033179993
0.016003907020208152
0.02033473621613666
0.024802741715764392
0.019674864812233024
0.008879392872568944
0.0005025682919704966
0.02563830192078101
0.01656131594777278
0.024207887482643877
0.015045086219927015
0.020733953739186163
0.01932175790967495
0.029307212056146954
0.014831166898578938
0.01773712885969929
0.014939222472091106
0.023495676794993016
0.012967541191107924
0.009187249489533833
0.017439163406560956
0.014848357842189923
0.011383406086847068
0.0039361499690935085
0.005095830280771765
0.010873180141085088
0.020433295818461497
0.004776662647058578
0.0249400525599333
0.027028467478750897
0.02670938198023531
0.018946618503975075
0.009357801772551468
0.01818853582506133
0.01408733146142922
0.026886534993888267
0.028967621950090266
0.023801668916007625
0.03597298069341483
0.011388052610110179
0.00960720070939533
0.005826662898656539
0.0034463359519921665
0.021158876400321276
0.02328758372946442
0.0046953885327647915
0.032240398820327365
0.023467952705959614
0.02288356326843166
0.009909026007028168
0.02341913630353909
0.023388838639930114
0.006253713934757066
0.013213814666509182
0.0005633729792500252
0.01746754391731022
0.01113987752332954
0.011355660175671837
0.02041528064861151
0.012329097485679969
0.011143701122269933
0.011974739987203688
0.012192310439307531
0.021281614349049287
0.01677830058428962
0.01839048024907647
0.023011766775771658
0.02890141765123882
0.014761870145361757
0.016418342614885173
0.009772074580666954
0.01637924100433995
0.012728806136623484
0.026799391878159707
0.0001692433625118805
0.0016674784735608464
0.01906992074556185
0.011862075724150508
0.019882640995239155
0.027873130927648104
0.011958699323787155
0.02045513215991991
0.019268651713213663
0.009691687764973186
0.007534432035099077
0.007841144804274143
0.011276141173305873
0.0014100082403356487
0.008887399747282218
0.009189138298425735
0.013410102454937836
0.011562785327549058
0.026835338975430407
0.019986021315917393
0.009782306021721266
0.012132915891346316
0.002166088290607763
0.002360502369122675
0.01903435723789149
0.001127185183450223
0.012187789504958427
0.00015502034075910603
0.013113421373280068
0.009956076191342261
0.024431266728627686
0.020850728339941477
0.015482104033113855
0.014015485274373497
0.002995614316834696
0.01683899135593327
0.02103707745536258
0.008740770904683526
0.018083565065626472
0.009233831527483059
0.012271527285106377
0.01586031957786566
0.022151153171077402
0.0027486150742924696
0.012377508419894536
0.007305956258782069
0.020987921145423225
0.013577377514461492
0.018587616392701956
0.018847543915492395
0.013542444233274145
0.03358773277997413
0.037200211548778096
0.02840200803624992
0.016370729589020777
0.02279079014800853
0.014661701218469153
0.033640119278469806
0.027114579631534737
0.02224469383736496
0.0010610780479618455
0.034504055100292794
0.017686564940908436
0.0011474824348132568
0.021963796051261277
0.012289798162609505
0.026632286316361293
0.004675981592869913
0.02357420953023137
0.01765418902725573
0.02926767891911324
0.0136041291015057
0.018024044169530767
0.018826689553507133
0.0004982202515225113
0.022138344276688583
0.025891003880789246
0.0022437708042288788
0.01889187217989547
0.014423739494095264
0.001993700555875594
0.02335671003278843
0.014344430817655197
0.011052247351226004
0.0009776993671122233
0.005044782317147503
0.019577100441525736
0.004870084007599511
0.007832378326519016
0.009828658369055018
0.004827655638376946
0.019867155498158658
0.018968984950874606
0.02782016778997928
0.006527325302749231
0.019690785317971526
0.013237384428781718
0.016299100507568696
0.009596984108204445
0.006861772408475183
0.02636127727381602
0.021131342938970694
0.01888626384730807
0.03354991027301572
0.007335086657742952
0.016266527696456975
0.009093203641859381
0.025591029745983877
0.01983975261103308
0.014237830066726055
0.0192086215587821
0.011400979735024094
0.02807933158823603
0.019468243157961303
0.020294669693428326
0.009574405984985403
0.027292974301798226
0.023066481047712552
0.0254738708743481
0.030061097920253806
0.013888126433925835
0.0166431444370813
0.015621533300117322
0.0016372801286245642
0.01376170160480277
0.007903820970762492
0.024226589525919166
0.006248173605416883
0.009497521072566033
0.00540857896235723
0.015642533782085095
0.01583548911466506
0.01865669983157347
0.018012791647393514
0.004152862083948021
0.009730529067957792
0.0023379478719770712
0.012951799952374554
0.0070573979415469055
0.009298281823452994
0.0028940831858712264
0.0001310954625163512
0.006503550263917606
0.004504081552224846
0.009365269969189521
0.013881136656029192
0.006872654310690303
0.008811660658649679
0.016527041760908537
0.013638594013591023
0.02498027047292336
0.006517478373844725
0.005779614092016132
0.025776709684301808
0.01257946139248966
0.0069895409927151495
0.011681370981954172
0.0008919418579674085
0.021955361530997485
0.0034087776670049474
0.03561964068874068
0.00278629262263665
0.01601768043723006
0.019887643596268136
0.010097028886176819
0.00011785002795692216
0.003435139211638677
0.013541035796942517
0.004361810381276057
0.03821751825403225
0.013595269232350339
0.0117284858866397
0.002109167078236081
0.023510884016212635
0.00912336463558205
0.008508777561974644
0.002436989666596476
0.029354418178005617
0.004282340346917272
0.005002282123776156
0.021309123793383213
0.015513121285361657
0.03731377222734242
0.021289262962596534
0.009196205172525727
0.0003566075789187555
0.008765507891681006
0.014487349688626736
0.02877153315649408
0.008244074737781477
0.000396667435964803
0.011578427256595988
0.00818578268006124
0.015349577218260167
0.0325802252820682
0.0032802870490763756
0.00703417761084009
0.0010508236665099384
0.01832935270374683
0.01592014434398074
0.016491793881929437
0.004075744704335171
0.005747643928550294
0.012729165094363325
0.012356271181191125
0.01536683233391224
0.020818900888579035
0.01415694827310196
0.02302613578722035
0.020652270655555485
0.012785638605893403
0.016192937151200303
0.010212619085206555
0.006892191368327824
0.02539381739413893
0.010762050658876253
0.0196213394316867
0.012348125373688956
0.009292474618424489
0.010970167513999308
0.012908069895953217
0.007348152351762353
0.03330817102692515
0.017656917216881462
0.03291336400903526
0.014785713393181297
0.022097237224030827
0.005261224730506629
0.0012646469803707136
0.0011457702211741085
0.0053697683593673575
0.025145269045622053
0.0022717113708562446
0.016775878090244997
0.027003406585741054
0.024193557283000777
0.005407058997822968
0.0249108180550356
0.011625051215927655
0.006261391621163274
0.02008532207524613
0.02376496164339792
0.016055394387072694
0.02443294100284352
0.006371491397872842
0.00794176812093979
0.01535339170359765
0.014012960229600344
0.025134969220719953
0.010009086657156278
0.006126191569969636
0.01933733859091933
0.004018375182525714
0.029975790765938433
0.013696802831233616
0.006813037533375428
0.02386891065634652
0.03560088637589941
0.026498312517332808
0.02129402508024714
0.01733391413353428
0.02353118356960215
0.002988193515690273
0.013953864532744026
0.013252352276138394
0.03304574475663653
0.0019901045300444987
0.006617329487200186
0.017569920942402277
0.011523578291973336
0.035064018749852294
0.018454580085702037
0.021745915400584282
0.029750215022291596
0.00534732018104194
0.01426901316966879
0.02823373240535085
0.01895056616297749
0.023012023077483332
0.03187893789937656
0.006743529674439404
0.011625831200605346
0.02081682873253203
0.027521205809519028
0.02480536108503862
0.007705680943859032
0.008769922647625104
0.017813944460766888
0.0005865215892398977
0.03779896057136458
0.009007293781250154
0.02241770655528859
0.009949707102972279
0.020827286143294134
0.007299669473557297
0.0050291583556068015
0.0166347476350251
